0,2,623,355,42,44,button70,931,430,37,31,button80
1,2,622,354,42,44,button70,930,429,37,31,button80
2,2,621,353,42,44,button70,929,429,37,31,button80
3,2,620,353,42,44,button70,928,428,37,31,button80
4,2,619,352,42,44,button70,927,427,37,31,button80
5,2,618,352,42,44,button70,926,427,37,31,button80
6,2,616,351,42,44,button70,924,427,37,31,button80
7,2,615,351,42,44,button70,923,426,37,31,button80
8,2,614,350,42,44,button70,921,426,37,31,button80
9,2,613,349,42,44,button70,921,425,37,31,button80
10,2,612,349,42,44,button70,920,425,37,31,button80
11,2,611,349,42,44,button70,919,425,37,31,button80
12,2,611,349,42,44,button70,919,425,37,31,button80
13,2,610,349,42,44,button70,918,425,37,31,button80
14,2,610,349,42,44,button70,918,425,37,31,button80
54,2,612,332,48,53,button71,982,473,39,41,button81
55,2,611,327,49,54,button71,983,471,39,41,button81
56,2,611,320,49,54,button71,985,467,39,42,button81
57,2,612,315,49,54,button71,988,465,40,42,button81
58,2,611,311,49,55,button71,991,463,40,42,button81
59,2,607,308,50,55,button71,989,462,40,42,button81
60,2,599,305,51,56,button71,982,462,41,43,button81
61,2,589,301,51,56,button71,972,461,41,44,button81
62,2,578,300,51,56,button71,962,463,41,43,button81
63,2,567,300,51,57,button71,953,467,42,44,button81
64,2,556,301,52,57,button71,942,472,42,44,button81
65,2,545,301,51,57,button71,931,476,42,44,button81
66,2,534,299,52,57,button71,920,477,42,44,button81
67,2,531,298,51,56,button71,917,479,42,44,button81
68,2,533,299,51,56,button71,919,481,42,44,button81
69,2,533,296,51,56,button71,918,480,42,44,button81
70,2,534,294,51,56,button71,918,479,42,44,button81
71,2,536,290,52,57,button71,922,477,42,44,button81
72,2,539,286,50,56,button72,925,472,42,44,button82
73,2,542,282,50,56,button72,928,469,42,44,button82
74,2,544,276,50,56,button72,930,465,42,44,button82
75,2,546,270,50,56,button72,931,461,42,44,button82
76,2,548,270,50,55,button72,932,461,42,44,button82
77,2,550,271,49,55,button72,934,461,42,44,button82
78,2,552,271,49,55,button72,935,461,42,44,button82
79,2,555,271,49,55,button72,938,461,42,44,button82
80,2,559,272,50,56,button72,943,462,42,44,button82
81,2,563,273,50,56,button72,948,462,42,44,button82
82,2,566,272,49,55,button72,951,461,42,44,button82
83,2,569,271,49,55,button72,954,461,42,44,button82
84,2,572,272,50,56,button72,957,462,42,44,button82
85,2,575,274,50,56,button72,960,464,42,44,button82
86,2,579,276,50,56,button72,965,467,42,44,button82
87,2,584,280,50,56,button72,969,471,42,44,button82
88,2,590,286,51,57,button72,976,477,42,44,button82
89,2,598,293,51,57,button72,985,484,43,45,button82
90,2,612,306,50,56,button72,1002,498,42,44,button82
194,2,505,513,35,19,button50,755,489,22,22,button60
195,2,507,514,35,19,button50,756,490,22,22,button60
196,2,508,516,35,19,button50,758,492,22,22,button60
197,2,510,518,35,19,button50,760,494,22,22,button60
198,2,513,520,35,19,button50,762,496,22,22,button60
199,2,516,523,35,19,button50,765,499,22,22,button60
200,2,519,527,35,19,button50,768,503,22,22,button60
201,2,523,532,35,19,button50,771,507,22,22,button60
202,2,529,537,35,19,button50,776,513,22,22,button60
203,2,535,544,34,19,button50,782,520,21,21,button60
204,2,543,553,36,19,button50,790,529,21,21,button60
205,2,562,564,34,19,button50,807,541,20,20,button60
227,2,507,346,21,27,button30,641,402,31,46,button40
228,2,510,351,21,27,button30,645,407,31,46,button40
229,2,515,356,21,27,button30,650,413,31,46,button40
230,2,521,360,21,27,button30,655,416,31,46,button40
231,2,524,362,21,27,button30,659,419,31,46,button40
232,2,527,364,21,27,button30,662,421,31,46,button40
233,2,530,364,21,27,button30,666,421,31,46,button40
234,2,534,363,21,27,button30,669,421,31,46,button40
235,2,537,361,21,27,button30,672,419,31,46,button40
236,2,539,360,21,27,button30,675,418,31,46,button40
237,2,542,358,21,27,button30,678,417,31,46,button40
238,2,545,357,21,27,button30,681,416,31,47,button40
239,2,547,356,21,27,button30,684,414,31,46,button40
240,2,549,354,21,27,button30,686,413,31,47,button40
241,2,551,354,21,27,button30,688,413,31,47,button40
242,2,553,354,21,27,button30,690,413,31,47,button40
243,2,555,354,21,27,button30,692,413,31,47,button40
244,2,557,354,21,27,button30,694,413,32,47,button40
245,2,559,355,21,27,button30,696,414,32,47,button40
246,2,562,355,21,27,button30,699,414,31,47,button40
247,2,565,355,21,27,button30,702,415,32,47,button40
248,2,568,356,21,27,button30,706,415,32,47,button40
249,2,572,356,21,27,button30,709,416,32,47,button40
250,2,576,357,21,27,button30,714,417,32,47,button40
251,2,581,357,21,27,button30,718,417,32,47,button40
252,2,586,357,21,27,button30,723,417,32,47,button40
253,2,592,357,21,28,button30,730,417,32,47,button40
254,2,600,358,21,28,button30,737,418,32,47,button40
255,2,608,360,21,28,button30,746,420,32,47,button40
256,2,619,360,21,28,button30,757,421,32,47,button40
257,2,632,361,22,28,button30,770,422,32,48,button40
258,2,648,363,21,27,button30,784,423,32,48,button40
259,2,663,364,21,27,button30,800,425,32,48,button40
349,2,372,342,41,57,button10,447,397,31,30,button20
350,2,376,340,40,56,button10,452,395,29,29,button20
351,2,378,338,40,56,button10,454,393,30,29,button20
352,2,381,337,40,56,button10,457,392,30,29,button20
353,2,383,337,40,56,button10,459,392,30,29,button20
354,2,386,337,40,56,button10,462,392,30,29,button20
355,2,386,338,41,56,button10,463,393,30,29,button20
356,2,385,340,41,57,button10,463,395,30,29,button20
357,2,386,343,41,57,button10,463,398,30,29,button20
358,2,385,347,41,58,button10,462,403,30,29,button20
359,2,385,351,41,57,button10,461,406,30,29,button20
360,2,383,355,41,57,button10,460,411,31,30,button20
361,2,380,359,42,58,button10,457,415,31,30,button20
362,2,376,362,42,58,button10,453,418,31,30,button20
363,2,373,365,41,57,button10,450,420,31,30,button20
364,2,370,366,41,58,button10,447,422,31,30,button20
365,2,368,368,41,57,button10,445,424,31,30,button20
366,2,368,370,41,56,button10,444,426,30,29,button20
367,2,366,372,41,56,button10,443,428,30,29,button20
368,2,366,375,40,56,button10,442,430,34,29,button20
369,2,366,377,40,56,button10,442,432,34,29,button20
370,2,366,379,40,56,button10,441,434,34,29,button20
371,2,366,381,40,56,button10,441,435,34,29,button20
372,2,366,382,40,56,button10,441,436,34,29,button20
373,2,366,382,40,55,button10,441,437,34,29,button20
374,2,365,383,40,55,button10,441,437,34,29,button20
375,2,365,383,40,56,button10,441,438,34,29,button20
376,2,366,384,40,56,button10,442,439,34,29,button20
377,2,366,384,40,56,button10,442,438,34,29,button20
378,2,367,384,40,56,button10,443,439,34,29,button20
379,2,368,384,40,56,button10,443,439,34,29,button20
380,2,368,384,40,56,button10,444,439,34,29,button20
381,2,368,385,40,56,button10,444,439,34,29,button20
382,2,369,385,40,55,button10,444,439,34,29,button20
383,2,369,385,40,56,button10,445,439,34,29,button20
384,2,370,385,40,55,button10,446,440,33,29,button20
385,2,371,386,40,55,button10,446,440,33,29,button20
386,2,371,386,40,55,button10,447,440,33,29,button20
387,2,372,386,40,56,button10,447,440,33,28,button20
388,2,372,386,40,55,button10,448,440,33,29,button20
389,2,373,386,40,55,button10,449,440,33,29,button20
390,2,374,385,39,55,button10,450,439,33,29,button20
391,2,375,385,40,55,button10,450,439,33,28,button20
392,2,376,385,40,55,button10,451,439,33,29,button20
393,2,376,385,40,55,button10,452,439,33,29,button20
394,2,377,384,39,55,button10,452,438,33,28,button20
395,2,377,384,40,55,button10,453,438,33,28,button20
396,2,378,384,40,55,button10,453,438,33,28,button20
397,2,379,384,40,55,button10,454,438,33,28,button20
398,2,380,384,40,55,button10,455,437,33,28,button20
