0,2,569,393,68,33,button50,1069,370,44,38,button60
1,2,563,390,68,33,button50,1064,368,44,38,button60
2,2,559,388,68,33,button50,1061,367,44,38,button60
3,2,555,385,68,33,button50,1058,365,44,38,button60
4,2,551,382,68,33,button50,1056,363,44,38,button60
5,2,548,379,69,33,button50,1054,361,44,38,button60
6,2,546,376,69,33,button50,1052,359,44,38,button60
7,2,544,375,69,33,button50,1050,358,44,38,button60
8,2,542,374,68,33,button50,1048,357,44,38,button60
9,2,541,374,68,33,button50,1047,357,44,38,button60
10,2,540,374,68,33,button50,1046,357,44,38,button60
11,2,539,374,68,33,button50,1045,357,44,38,button60
12,2,538,374,68,33,button50,1044,356,44,38,button60
13,2,537,373,68,33,button50,1043,356,44,38,button60
14,2,536,373,68,33,button50,1042,356,44,38,button60
15,2,534,373,68,33,button50,1040,357,44,38,button60
16,2,531,374,68,33,button50,1038,357,44,38,button60
17,2,528,376,69,33,button50,1035,358,44,38,button60
18,2,523,377,69,33,button50,1032,359,44,38,button60
19,2,519,377,69,33,button50,1028,360,44,38,button60
20,2,514,377,69,34,button50,1025,360,44,38,button60
21,2,510,376,69,34,button50,1022,359,44,38,button60
22,2,505,375,70,34,button50,1019,359,44,38,button60
23,2,501,373,70,34,button50,1016,358,44,38,button60
24,2,496,371,70,34,button50,1013,357,45,38,button60
25,2,490,369,71,34,button50,1010,355,44,38,button60
26,2,484,366,71,34,button50,1006,354,44,38,button60
27,2,478,362,72,35,button50,1003,352,45,38,button60
28,2,471,356,72,35,button50,1000,348,45,39,button60
29,2,463,349,73,35,button50,996,343,45,39,button60
30,2,455,343,73,35,button50,992,339,45,39,button60
31,2,451,339,72,35,button50,989,336,45,39,button60
32,2,449,337,72,35,button50,992,334,45,39,button60
33,2,446,334,73,35,button50,993,331,46,39,button60
34,2,441,332,74,36,button50,992,328,46,39,button60
35,2,435,330,74,36,button50,989,325,46,40,button60
36,2,429,330,74,36,button50,986,324,46,40,button60
37,2,424,331,74,36,button50,982,324,46,40,button60
38,2,420,330,75,36,button50,980,325,46,40,button60
39,2,416,328,76,37,button50,978,325,46,40,button60
40,2,411,328,76,37,button50,975,326,46,40,button60
41,2,405,328,77,37,button50,972,327,47,40,button60
42,2,400,329,77,38,button50,969,328,47,40,button60
43,2,396,331,77,38,button50,965,329,47,40,button60
44,2,393,332,77,38,button50,963,330,47,40,button60
45,2,392,332,77,37,button50,962,330,47,40,button60
46,2,390,330,77,37,button50,961,331,47,40,button60
47,2,390,330,77,37,button50,961,331,47,40,button60
48,2,389,329,77,37,button50,961,331,47,41,button60
49,2,387,329,77,37,button50,961,331,47,41,button60
50,2,385,329,77,38,button50,960,331,47,41,button60
51,2,382,328,78,38,button50,958,330,48,41,button60
52,2,380,328,78,38,button50,957,331,48,41,button60
53,2,378,328,78,38,button50,957,331,48,41,button60
54,2,375,327,78,38,button50,955,333,48,41,button60
55,2,372,327,78,38,button50,954,334,48,42,button60
56,2,369,328,78,38,button50,953,335,48,42,button60
57,2,365,328,78,38,button50,951,336,48,42,button60
58,2,360,327,79,38,button50,949,337,49,42,button60
59,2,355,327,79,38,button50,946,337,49,42,button60
60,2,351,327,79,38,button50,943,338,49,42,button60
61,2,348,326,79,38,button50,941,337,49,42,button60
62,2,347,325,78,38,button50,942,337,49,42,button60
63,2,347,323,79,38,button50,944,336,49,42,button60
64,2,346,320,79,38,button50,946,335,49,43,button60
65,2,346,317,79,38,button50,948,334,50,43,button60
66,2,348,314,79,38,button50,951,332,50,43,button60
67,2,349,311,79,38,button50,954,330,50,43,button60
68,2,349,309,79,38,button50,955,328,50,43,button60
69,2,349,304,79,38,button50,957,326,50,43,button60
70,2,349,301,79,38,button50,957,325,50,43,button60
71,2,348,299,79,38,button50,956,325,50,43,button60
72,2,346,298,79,38,button50,956,325,50,43,button60
73,2,343,298,79,38,button50,954,325,50,43,button60
74,2,341,301,80,39,button50,953,326,50,43,button60
75,2,341,306,80,39,button50,953,328,50,43,button60
76,2,343,313,80,39,button50,954,332,50,43,button60
77,2,348,327,79,38,button50,956,339,53,45,button60
78,2,353,341,78,38,button50,960,352,52,45,button60
82,2,367,382,79,30,button51,974,385,48,42,button61
83,2,369,384,79,30,button51,976,386,48,42,button61
84,2,372,389,79,30,button51,978,387,48,42,button61
85,2,377,397,79,30,button51,981,389,48,42,button61
86,2,385,404,78,30,button51,986,391,48,42,button61
87,2,393,410,78,29,button51,992,393,48,42,button61
88,2,400,415,76,29,button51,995,396,48,42,button61
89,2,406,419,76,29,button51,999,397,48,42,button61
90,2,411,421,75,28,button51,1003,398,47,41,button61
91,2,413,421,75,28,button51,1006,397,47,41,button61
92,2,414,422,75,29,button51,1008,397,47,41,button61
93,2,415,423,75,28,button51,1009,396,47,41,button61
94,2,414,422,75,28,button51,1009,395,47,41,button61
95,2,412,419,75,28,button51,1008,393,47,41,button61
96,2,410,413,75,29,button51,1007,391,47,41,button61
97,2,407,404,76,29,button51,1006,386,48,42,button61
98,2,404,395,76,29,button51,1005,379,48,42,button61
99,2,402,387,76,29,button51,1004,374,48,42,button61
100,2,400,379,77,29,button51,1003,368,48,42,button61
101,2,397,372,77,29,button51,1003,364,48,42,button61
102,2,395,365,77,29,button51,1002,360,48,42,button61
103,2,393,359,77,29,button51,1001,356,48,42,button61
104,2,391,354,77,29,button51,1000,353,48,42,button61
105,2,388,344,78,30,button51,999,344,49,43,button61
106,2,387,334,77,29,button51,1000,338,48,42,button61
107,2,385,328,77,29,button51,999,334,48,42,button61
108,2,383,323,77,29,button51,999,330,48,42,button61
109,2,381,320,77,29,button51,998,327,48,42,button61
110,2,380,317,77,29,button51,998,324,48,42,button61
111,2,379,315,77,29,button51,997,322,48,42,button61
112,2,377,313,77,29,button51,995,320,48,42,button61
113,2,374,312,77,29,button51,994,320,49,43,button61
114,2,371,312,78,29,button51,991,319,49,43,button61
115,2,368,313,78,30,button51,989,320,49,43,button61
116,2,365,315,78,29,button51,986,321,49,43,button61
117,2,363,317,77,29,button51,984,322,49,43,button61
118,2,361,318,77,29,button51,982,322,49,43,button61
119,2,360,317,77,29,button51,982,322,49,43,button61
120,2,358,317,77,29,button51,981,323,49,43,button61
121,2,357,315,78,29,button51,981,324,50,43,button61
122,2,356,314,78,30,button51,981,325,50,44,button61
123,2,354,315,78,30,button51,979,326,50,44,button61
124,2,351,316,78,30,button51,978,327,50,44,button61
125,2,348,318,78,30,button51,975,328,51,44,button61
126,2,346,318,78,30,button51,974,329,51,44,button61
127,2,344,318,78,29,button51,972,330,51,44,button61
128,2,341,317,78,29,button51,970,330,51,45,button61
129,2,339,316,78,29,button51,968,330,51,45,button61
130,2,336,315,78,30,button51,966,330,51,45,button61
131,2,333,315,78,30,button51,965,331,51,45,button61
132,2,329,316,78,30,button51,962,331,51,45,button61
133,2,326,318,78,30,button51,959,332,52,45,button61
134,2,323,321,79,30,button51,957,334,52,45,button61
135,2,320,323,79,30,button51,955,336,52,46,button61
136,2,317,325,79,30,button51,953,338,52,45,button61
137,2,314,327,79,30,button51,952,341,52,45,button61
138,2,311,328,79,30,button51,950,342,52,45,button61
139,2,307,329,79,30,button51,947,343,52,45,button61
140,2,302,330,79,30,button51,944,344,52,45,button61
141,2,296,331,80,30,button51,940,344,52,46,button61
142,2,288,331,81,31,button51,935,345,52,46,button61
143,2,279,329,81,31,button51,930,345,52,46,button61
144,2,269,326,82,31,button51,925,345,52,46,button61
145,2,259,324,83,31,button51,921,344,52,46,button61
146,2,251,322,83,31,button51,915,344,53,46,button61
147,2,242,320,83,31,button51,909,343,53,46,button61
148,2,234,318,83,31,button51,902,343,53,46,button61
149,2,225,317,83,31,button51,895,342,53,46,button61
150,2,217,317,82,31,button51,889,341,53,46,button61
151,2,210,317,82,31,button51,884,340,53,46,button61
152,2,202,317,82,31,button51,879,339,53,46,button61
153,2,195,316,83,31,button51,875,338,53,46,button61
154,2,188,315,83,32,button51,872,338,53,46,button61
155,2,181,315,83,32,button51,868,338,53,46,button61
156,2,176,316,83,32,button51,865,339,53,46,button61
157,2,170,316,83,32,button51,860,339,53,47,button61
158,2,165,318,83,32,button51,856,340,53,47,button61
159,2,162,321,83,31,button51,852,342,53,46,button61
160,2,158,323,83,31,button51,848,343,53,46,button61
161,2,152,324,83,32,button51,844,343,53,46,button61
162,2,146,326,83,32,button51,839,344,53,47,button61
163,2,139,328,83,32,button51,834,346,54,47,button61
164,2,133,331,83,32,button51,828,348,53,47,button61
165,2,127,334,83,32,button51,823,349,53,47,button61
166,2,122,337,83,32,button51,818,351,53,46,button61
167,2,119,339,82,31,button51,814,352,53,46,button61
168,2,115,339,83,31,button51,811,353,53,46,button61
169,2,110,338,83,32,button51,809,354,53,46,button61
170,2,106,337,83,32,button51,807,354,53,46,button61
171,2,103,337,83,32,button51,806,354,53,46,button61
172,2,99,337,83,32,button51,804,354,53,46,button61
173,2,96,337,83,32,button51,803,353,53,46,button61
174,2,95,337,83,32,button51,802,353,53,46,button61
175,2,94,338,83,32,button51,801,354,53,46,button61
176,2,91,338,83,32,button51,800,355,53,46,button61
177,2,87,338,84,32,button51,799,356,53,46,button61
178,2,81,337,85,32,button51,799,356,53,46,button61
179,2,74,337,85,32,button51,798,356,53,47,button61
180,2,67,339,86,33,button51,797,357,54,47,button61
181,2,60,342,87,33,button51,796,359,54,47,button61
182,2,52,344,88,33,button51,795,361,54,47,button61
183,2,43,347,89,34,button51,794,364,55,48,button61
184,2,35,351,89,34,button51,792,367,55,48,button61
185,2,28,354,89,34,button51,791,370,55,48,button61
186,2,21,356,90,34,button51,790,371,56,49,button61
187,2,14,355,91,34,button51,792,372,56,49,button61
188,2,8,355,91,35,button51,793,373,57,50,button61
189,2,1,355,92,35,button51,794,373,57,50,button61
190,1,795,374,58,50,button61
191,1,796,373,58,51,button61
192,1,797,372,58,51,button61
193,1,797,371,59,52,button61
194,1,795,371,59,52,button61
195,1,794,371,60,52,button61
196,1,795,371,60,53,button61
197,1,796,373,61,53,button61
198,1,797,376,61,53,button61
199,1,800,378,61,54,button61
200,1,804,380,62,54,button61
201,1,808,380,62,54,button61
202,1,810,380,62,54,button61
203,1,813,380,62,54,button61
204,1,816,379,62,54,button61
205,1,819,378,62,55,button61
206,1,821,377,62,55,button61
207,1,821,378,63,55,button61
208,1,821,380,63,55,button61
209,1,822,381,63,55,button61
210,1,822,383,63,55,button61
211,1,822,385,63,55,button61
212,1,823,385,64,56,button61
213,1,824,385,64,56,button61
214,1,825,384,64,56,button61
215,1,824,383,65,57,button61
216,1,825,383,65,57,button61
217,1,828,383,66,57,button61
218,1,832,383,66,58,button61
219,1,835,383,66,58,button61
220,1,839,384,67,58,button61
221,1,843,384,67,59,button61
222,1,846,383,67,59,button61
223,1,848,382,68,59,button61
224,1,850,382,68,60,button61
225,1,853,381,69,60,button61
226,1,857,381,72,60,button61
227,1,859,381,72,60,button61
228,1,859,381,72,60,button61
229,1,857,381,72,60,button61
230,1,853,381,73,61,button61
231,1,848,381,73,61,button61
232,1,841,382,74,61,button61
233,1,834,383,74,62,button61
234,1,826,386,74,62,button61
235,1,818,388,74,62,button61
236,1,810,389,74,62,button61
237,1,802,390,74,62,button61
238,1,795,391,74,62,button61
239,1,789,393,74,62,button61
240,1,781,394,74,62,button61
241,1,774,394,74,62,button61
242,1,769,395,74,62,button61
243,1,765,396,74,62,button61
244,1,761,398,74,62,button61
245,1,759,399,74,62,button61
246,1,756,399,74,62,button61
247,1,755,399,75,62,button61
248,1,753,399,75,62,button61
249,1,752,399,75,63,button61
250,1,751,399,75,63,button61
251,1,750,399,75,63,button61
252,1,748,399,75,63,button61
253,1,747,399,76,63,button61
254,1,746,400,76,63,button61
255,1,747,400,76,63,button61
256,1,748,400,76,64,button61
257,1,748,401,77,64,button61
258,1,749,401,77,64,button61
259,1,749,402,77,64,button61
260,1,748,401,77,64,button61
261,1,747,400,78,65,button61
262,1,747,400,78,65,button61
263,1,747,399,78,65,button61
264,1,748,397,78,65,button61
265,1,748,396,78,65,button61
266,1,748,395,79,65,button61
267,1,747,393,79,66,button61
268,1,747,392,79,66,button61
269,1,748,391,79,66,button61
270,1,749,390,79,66,button61
271,1,751,388,80,66,button61
272,1,751,387,80,67,button61
273,1,750,386,80,67,button61
274,1,750,384,80,67,button61
275,1,749,382,80,67,button61
276,1,747,380,80,67,button61
277,1,744,378,80,67,button61
278,1,741,376,81,67,button61
279,1,736,375,81,67,button61
280,1,732,374,80,67,button61
281,1,730,372,80,67,button61
282,1,729,371,80,67,button61
283,1,728,370,81,67,button61
284,1,727,370,81,67,button61
285,1,727,369,81,67,button61
286,1,727,369,81,67,button61
287,1,727,368,81,67,button61
288,1,727,367,81,67,button61
289,1,726,366,81,67,button61
290,1,725,365,81,67,button61
291,1,724,365,81,67,button61
292,1,724,365,81,67,button61
293,1,724,365,81,67,button61
294,1,723,365,81,67,button61
295,1,723,365,81,68,button61
296,1,722,366,81,67,button61
297,1,722,367,81,67,button61
298,1,721,367,81,67,button61
299,1,718,366,81,67,button61
300,1,716,366,81,67,button61
301,1,714,366,81,67,button61
302,1,714,365,81,67,button61
303,1,714,366,80,67,button61
304,1,715,366,81,67,button61
305,1,716,367,80,67,button61
306,1,717,367,81,67,button61
307,1,718,367,81,67,button61
308,1,719,368,80,67,button61
309,1,719,369,80,67,button61
310,1,719,370,80,67,button61
311,1,719,371,80,67,button61
312,1,719,372,80,67,button61
313,1,719,373,80,66,button61
314,1,720,372,79,66,button61
315,1,720,371,79,66,button61
352,1,813,371,63,54,button62
353,1,817,372,63,54,button62
354,1,823,374,63,54,button62
355,1,828,375,63,54,button62
356,1,835,377,63,54,button62
357,1,842,379,63,54,button62
358,1,849,381,62,53,button62
359,1,857,382,62,53,button62
360,1,864,382,62,53,button62
361,1,871,383,62,53,button62
362,1,877,383,62,53,button62
363,1,883,383,62,53,button62
364,2,890,382,62,53,button62,68,364,99,39,button52
365,2,897,381,62,53,button62,75,363,99,39,button52
366,2,903,381,61,53,button62,81,362,99,39,button52
367,2,908,381,61,52,button62,87,362,99,39,button52
368,2,912,381,61,52,button62,93,362,99,39,button52
369,2,916,380,61,52,button62,100,361,99,39,button52
370,2,920,378,61,52,button62,106,359,99,39,button52
371,2,925,376,61,52,button62,113,357,99,39,button52
372,2,930,375,61,52,button62,119,355,98,39,button52
373,2,935,373,61,52,button62,124,353,98,39,button52
374,2,941,372,61,52,button62,130,350,99,39,button52
375,2,946,370,61,52,button62,135,349,99,39,button52
376,2,951,370,61,52,button62,140,347,99,39,button52
377,2,955,370,61,52,button62,145,347,99,39,button52
378,2,960,369,61,52,button62,150,346,99,39,button52
379,2,964,369,61,52,button62,156,345,100,39,button52
380,2,968,369,61,52,button62,161,346,100,39,button52
381,2,971,369,61,52,button62,166,346,100,39,button52
382,2,975,369,61,52,button62,172,347,100,39,button52
383,2,979,369,61,52,button62,178,348,99,39,button52
384,2,983,369,61,52,button62,184,349,99,39,button52
385,2,987,369,61,52,button62,191,348,99,39,button52
386,2,991,369,61,52,button62,197,348,99,39,button52
387,2,995,369,61,52,button62,203,349,99,39,button52
388,2,999,370,61,52,button62,208,351,99,39,button52
389,2,1004,371,61,53,button62,214,354,99,39,button52
390,2,1010,372,62,53,button62,221,356,99,39,button52
391,2,1016,373,62,53,button62,229,358,100,39,button52
392,2,1024,374,62,53,button62,238,359,100,39,button52
393,2,1032,376,62,54,button62,249,360,101,40,button52
394,2,1040,377,63,54,button62,260,361,101,40,button52
395,2,1050,377,63,54,button62,273,361,101,40,button52
396,2,1060,377,64,54,button62,286,361,101,40,button52
397,2,1070,376,64,55,button62,300,360,101,40,button52
398,2,1080,373,64,55,button62,313,358,101,40,button52
399,2,1091,370,64,55,button62,325,354,100,40,button52
400,2,1101,368,63,54,button62,336,352,100,39,button52
401,2,1109,365,63,54,button62,346,350,100,39,button52
402,2,1117,364,63,54,button62,356,349,99,39,button52
403,2,1123,364,63,54,button62,364,348,99,39,button52
404,2,1129,363,62,53,button62,371,347,98,39,button52
405,2,1133,363,62,53,button62,377,347,98,39,button52
406,2,1138,363,62,53,button62,384,346,98,39,button52
407,2,1143,363,62,53,button62,390,346,98,39,button52
408,2,1147,365,62,54,button62,396,349,98,39,button52
409,2,1150,368,63,54,button62,403,354,97,38,button52
410,2,1154,370,63,54,button62,410,357,97,38,button52
411,2,1158,372,62,54,button62,417,360,96,38,button52
412,2,1162,372,62,54,button62,423,360,96,38,button52
413,2,1166,372,63,54,button62,428,360,96,38,button52
414,2,1170,371,63,54,button62,433,359,95,38,button52
415,2,1174,369,63,54,button62,437,356,95,38,button52
416,2,1177,366,63,54,button62,441,354,95,38,button52
417,2,1181,364,63,54,button62,444,351,96,38,button52
418,1,448,349,95,38,button52
419,1,449,346,95,38,button52
420,1,451,344,95,38,button52
421,1,452,343,95,38,button52
422,1,453,342,95,37,button52
423,1,453,342,95,38,button52
424,1,453,343,95,37,button52
425,1,454,344,95,38,button52
426,1,454,345,96,38,button52
427,1,453,345,96,38,button52
428,1,454,345,95,38,button52
429,1,455,345,95,38,button52
430,1,456,344,96,38,button52
431,1,458,343,96,38,button52
432,1,461,343,95,38,button52
433,1,464,344,95,38,button52
434,1,468,344,95,38,button52
435,1,472,345,95,37,button52
436,1,476,347,95,37,button52
437,1,480,349,95,37,button52
438,1,485,351,94,37,button52
439,1,490,353,93,37,button52
440,1,496,356,93,36,button52
441,1,504,360,92,36,button52
442,1,512,364,90,36,button52
443,1,519,369,89,35,button52
444,1,526,374,89,35,button52
445,1,534,378,88,35,button52
446,1,543,383,87,34,button52
447,1,550,380,87,34,button52
448,1,560,375,85,34,button52
449,1,570,375,84,33,button52
450,1,578,376,83,33,button52
451,1,585,371,81,32,button52
452,1,591,370,82,32,button52
453,1,595,377,81,32,button52
454,1,599,381,80,31,button52
455,1,600,384,80,31,button52
456,1,599,389,80,31,button52
457,1,597,398,80,32,button52
458,1,594,407,79,31,button52
459,1,591,415,79,31,button52
460,1,589,423,79,31,button52
461,1,588,429,78,31,button52
462,1,587,434,78,31,button52
463,1,585,438,78,31,button52
464,1,583,442,78,31,button52
465,1,581,444,78,31,button52
466,1,580,442,78,31,button52
467,1,578,433,79,31,button52
468,1,576,424,79,31,button52
469,1,573,419,79,31,button52
470,1,570,413,79,31,button52
471,1,567,406,79,31,button52
472,1,563,399,79,31,button52
473,1,561,394,79,31,button52
474,1,558,393,78,31,button52
475,1,557,392,78,31,button52
476,1,556,392,78,31,button52
477,2,556,392,78,31,button52,1175,339,50,43,button63
478,2,556,391,78,31,button52,1175,338,50,43,button63
479,2,557,391,78,31,button52,1175,338,50,43,button63
480,2,557,390,78,31,button52,1174,337,50,43,button63
481,2,556,389,78,31,button52,1174,335,50,43,button63
482,2,556,387,78,31,button52,1174,333,50,43,button63
483,2,555,385,78,31,button52,1173,331,49,43,button63
484,2,554,383,78,31,button52,1173,329,50,43,button63
485,2,554,380,78,31,button52,1173,325,50,43,button63
486,2,554,378,79,31,button52,1174,322,50,43,button63
487,2,554,375,79,31,button52,1175,320,50,43,button63
488,2,552,373,79,31,button52,1174,317,50,43,button63
489,2,551,372,78,31,button52,1172,316,50,43,button63
490,2,551,372,78,31,button52,1171,315,50,43,button63
491,2,549,372,78,31,button52,1170,314,50,43,button63
492,2,548,371,78,31,button52,1168,313,50,43,button63
493,2,547,370,78,31,button52,1167,312,50,43,button63
494,2,547,369,78,31,button52,1166,312,50,43,button63
495,2,546,369,78,31,button52,1165,311,50,43,button63
496,2,545,369,78,31,button52,1163,311,50,43,button63
497,2,544,370,78,31,button52,1162,310,50,43,button63
498,2,544,370,78,31,button52,1161,309,50,43,button63
499,2,543,369,78,31,button52,1160,308,50,43,button63
500,2,543,368,78,31,button52,1160,307,50,43,button63
501,2,543,365,78,31,button52,1159,304,50,43,button63
502,2,542,364,77,31,button52,1158,302,50,43,button63
503,2,542,364,77,30,button52,1157,302,50,43,button63
504,2,540,364,77,30,button52,1154,301,50,43,button63
505,2,538,364,77,30,button52,1152,301,50,43,button63
506,2,536,363,77,30,button52,1149,300,50,43,button63
507,2,533,363,77,30,button52,1145,300,50,43,button63
508,2,530,362,77,30,button52,1141,300,50,43,button63
509,2,526,363,77,30,button52,1137,300,50,43,button63
510,2,523,365,77,30,button52,1134,300,50,43,button63
511,2,521,367,77,30,button52,1131,300,50,43,button63
512,2,518,368,77,30,button52,1127,300,50,43,button63
513,2,514,368,77,30,button52,1124,300,50,43,button63
514,2,510,367,77,30,button52,1120,299,50,43,button63
515,2,506,366,77,30,button52,1117,298,50,43,button63
516,2,501,364,77,30,button52,1114,298,50,43,button63
517,2,496,363,77,31,button52,1110,296,50,43,button63
518,2,490,361,78,31,button52,1106,295,50,43,button63
519,2,483,358,78,31,button52,1101,293,50,43,button63
520,2,477,356,79,31,button52,1097,292,50,43,button63
521,2,469,355,79,31,button52,1092,290,50,43,button63
522,2,461,355,79,31,button52,1086,289,50,43,button63
523,2,453,355,79,31,button52,1080,289,50,43,button63
524,2,445,356,79,31,button52,1073,289,50,43,button63
525,2,437,357,79,31,button52,1066,289,50,43,button63
526,2,428,358,80,31,button52,1059,289,50,43,button63
527,2,419,358,80,32,button52,1054,290,50,43,button63
528,2,411,358,80,32,button52,1048,289,50,43,button63
529,2,403,358,81,32,button52,1042,289,50,43,button63
530,2,396,359,81,32,button52,1037,289,50,43,button63
531,2,390,360,81,32,button52,1032,289,50,43,button63
532,2,384,362,81,32,button52,1027,289,50,43,button63
533,2,378,363,81,32,button52,1022,290,50,43,button63
534,2,372,363,81,32,button52,1017,291,50,43,button63
535,2,366,363,81,32,button52,1013,292,50,43,button63
536,2,359,362,82,32,button52,1008,293,50,43,button63
537,2,351,361,82,32,button52,1004,293,50,43,button63
538,2,344,362,82,32,button52,998,293,50,43,button63
539,2,336,364,82,32,button52,992,294,50,43,button63
540,2,329,366,82,32,button52,986,294,50,43,button63
541,2,322,367,82,32,button52,980,295,50,43,button63
542,2,315,369,82,32,button52,974,296,50,43,button63
543,2,308,369,82,32,button52,969,297,50,43,button63
544,2,301,369,83,33,button52,963,298,50,43,button63
545,2,293,370,83,33,button52,958,298,50,43,button63
546,2,286,371,83,33,button52,953,299,50,43,button63
547,2,280,373,83,33,button52,948,300,50,43,button63
548,2,274,374,83,33,button52,944,301,50,43,button63
549,2,268,374,83,33,button52,940,302,50,43,button63
550,2,263,375,83,33,button52,937,304,50,43,button63
551,2,259,376,83,33,button52,933,305,50,43,button63
552,2,255,377,83,33,button52,930,307,50,43,button63
553,2,252,378,83,33,button52,927,308,50,43,button63
554,2,248,379,83,33,button52,924,310,50,43,button63
555,2,245,382,83,33,button52,921,311,50,43,button63
556,2,240,384,83,33,button52,918,313,50,43,button63
557,2,235,387,83,33,button52,913,315,50,43,button63
558,2,229,390,83,33,button52,908,317,50,43,button63
559,2,224,393,83,33,button52,902,320,50,43,button63
560,2,218,395,83,33,button52,897,322,50,43,button63
561,2,212,398,83,33,button52,892,324,50,43,button63
562,2,207,401,83,33,button52,888,326,50,43,button63
563,2,201,403,83,33,button52,884,327,50,43,button63
564,2,195,404,83,33,button52,880,328,49,42,button63
565,2,190,405,83,33,button52,877,329,49,42,button63
566,2,185,404,83,33,button52,873,330,49,42,button63
567,2,180,404,83,33,button52,870,330,49,42,button63
568,2,175,405,83,33,button52,866,330,49,42,button63
569,2,171,404,83,33,button52,863,329,49,42,button63
570,2,166,403,83,33,button52,860,329,49,42,button63
571,2,162,402,83,33,button52,857,328,49,42,button63
572,2,158,400,83,33,button52,853,328,49,42,button63
573,2,154,399,83,33,button52,850,327,49,42,button63
574,2,151,398,83,33,button52,847,327,49,42,button63
575,2,147,397,83,33,button52,844,327,49,43,button63
576,2,143,396,83,33,button52,841,327,49,42,button63
577,2,140,395,83,33,button52,838,328,49,42,button63
578,2,136,394,83,33,button52,835,328,49,42,button63
579,2,133,392,83,33,button52,833,328,49,42,button63
580,2,130,390,82,32,button52,830,328,49,42,button63
581,2,129,390,82,32,button52,828,328,49,42,button63
582,2,127,389,82,32,button52,826,328,49,42,button63
583,2,125,388,82,32,button52,824,327,49,42,button63
584,2,122,385,82,32,button52,823,326,49,42,button63
585,2,119,383,82,32,button52,822,325,49,42,button63
586,2,115,380,83,33,button52,821,324,49,42,button63
587,2,112,378,83,33,button52,820,323,49,42,button63
588,2,109,375,83,33,button52,819,321,49,43,button63
589,2,106,373,83,33,button52,817,320,50,43,button63
590,2,102,371,83,33,button52,815,319,50,43,button63
591,2,98,369,83,33,button52,812,318,50,43,button63
592,2,93,366,83,33,button52,809,317,50,43,button63
593,2,88,364,84,33,button52,806,316,50,43,button63
594,2,83,360,84,33,button52,803,315,50,43,button63
595,2,79,358,83,33,button52,799,314,50,43,button63
596,2,75,357,83,33,button52,795,314,50,43,button63
597,2,71,357,84,33,button52,793,314,50,43,button63
598,2,68,356,84,33,button52,791,315,50,43,button63
599,2,64,355,84,33,button52,789,315,50,43,button63
600,2,61,353,83,33,button52,787,315,50,43,button63
601,2,58,351,84,33,button52,785,315,50,43,button63
602,2,55,348,84,33,button52,784,314,50,43,button63
603,2,51,344,84,33,button52,783,313,50,43,button63
604,2,47,340,84,33,button52,781,312,50,43,button63
605,2,44,338,84,33,button52,780,311,50,43,button63
606,2,42,337,84,33,button52,779,311,50,43,button63
607,2,39,336,84,33,button52,777,311,50,43,button63
608,2,37,336,84,33,button52,775,310,51,44,button63
609,2,35,336,84,33,button52,772,310,51,44,button63
610,2,33,335,83,33,button52,769,310,51,44,button63
611,2,32,332,83,33,button52,766,310,51,44,button63
612,2,34,330,83,33,button52,766,309,51,44,button63
613,2,38,328,81,32,button52,767,309,51,44,button63
614,2,41,328,80,32,button52,767,309,51,44,button63
615,2,41,327,80,32,button52,765,309,51,44,button63
616,2,39,326,80,31,button52,762,308,51,44,button63
617,2,36,325,79,31,button52,758,308,51,44,button63
618,2,34,325,79,31,button52,755,308,51,44,button63
619,2,31,326,78,31,button52,751,307,51,44,button63
620,2,28,324,78,31,button52,746,306,51,44,button63
621,2,21,321,78,31,button52,740,305,51,44,button63
622,2,13,318,78,31,button52,734,303,51,44,button63
623,1,728,302,51,44,button63
624,1,721,301,51,44,button63
625,1,715,301,51,44,button63
626,1,708,301,51,44,button63
627,1,701,301,51,44,button63
628,1,693,301,51,44,button63
629,1,686,301,51,44,button63
630,1,678,302,51,44,button63
631,1,670,302,52,45,button63
632,1,662,303,52,44,button63
633,1,654,304,52,44,button63
634,1,646,304,51,44,button63
635,1,639,304,51,44,button63
636,1,632,304,51,44,button63
637,1,626,304,51,44,button63
638,1,621,303,51,44,button63
639,1,616,302,50,43,button63
640,1,613,302,50,43,button63
641,1,610,302,50,43,button63
642,1,608,302,50,43,button63
643,1,606,302,50,43,button63
644,1,604,302,50,43,button63
645,1,601,302,50,43,button63
646,1,598,303,50,43,button63
647,1,595,303,50,43,button63
648,1,592,304,50,43,button63
649,1,589,304,50,43,button63
650,1,585,303,50,43,button63
651,1,581,302,50,43,button63
652,1,577,300,50,43,button63
653,1,573,298,51,44,button63
654,1,569,295,51,43,button63
655,1,565,293,51,44,button63
656,1,562,291,51,43,button63
657,1,559,290,50,43,button63
658,1,557,288,51,43,button63
659,1,555,287,51,44,button63
660,1,553,285,51,44,button63
661,1,550,284,51,44,button63
662,1,548,283,51,44,button63
663,1,547,281,51,43,button63
664,1,546,280,51,44,button63
665,1,545,278,51,44,button63
666,1,543,276,51,44,button63
688,1,591,308,53,43,button64
689,1,593,310,53,43,button64
690,1,596,313,53,43,button64
691,1,599,316,53,43,button64
692,1,602,319,53,43,button64
693,1,606,321,53,43,button64
694,1,610,323,53,43,button64
695,1,613,324,53,43,button64
696,1,617,326,53,43,button64
697,1,621,328,53,43,button64
698,1,625,330,53,43,button64
699,1,629,332,53,43,button64
700,1,634,335,53,43,button64
701,1,638,337,52,43,button64
702,1,641,338,52,42,button64
703,1,644,340,52,42,button64
704,1,646,341,52,42,button64
705,1,649,342,52,42,button64
706,2,651,342,52,42,button64,7,322,70,28,button53
707,2,654,343,52,42,button64,10,323,70,28,button53
708,2,657,342,52,42,button64,14,322,70,28,button53
709,2,659,342,52,42,button64,17,322,70,28,button53
710,2,662,342,52,42,button64,22,322,70,28,button53
711,2,665,343,52,42,button64,26,323,69,28,button53
712,2,668,344,52,42,button64,30,324,69,28,button53
713,2,671,344,52,42,button64,33,324,69,28,button53
714,2,675,344,52,42,button64,36,325,69,28,button53
715,2,678,345,52,42,button64,39,326,69,28,button53
716,2,680,346,52,42,button64,42,326,69,28,button53
717,2,683,347,52,42,button64,45,327,69,28,button53
718,2,686,348,52,42,button64,47,328,69,28,button53
719,2,688,350,52,42,button64,50,330,69,28,button53
720,2,690,351,52,42,button64,53,331,69,28,button53
721,2,692,352,52,42,button64,55,332,69,28,button53
722,2,693,354,51,42,button64,59,334,69,28,button53
723,2,695,355,51,42,button64,62,336,69,27,button53
724,2,697,356,51,42,button64,65,337,68,27,button53
725,2,699,357,51,42,button64,67,338,68,27,button53
726,2,700,358,51,41,button64,69,339,68,27,button53
727,2,702,360,51,42,button64,71,341,68,27,button53
728,2,703,361,51,41,button64,73,342,68,27,button53
729,2,705,362,51,41,button64,75,344,68,27,button53
730,2,706,363,51,41,button64,76,345,68,27,button53
731,2,707,364,51,41,button64,78,346,68,27,button53
732,2,708,365,51,41,button64,79,346,68,27,button53
733,2,709,365,51,41,button64,80,347,68,27,button53
734,2,710,366,51,41,button64,80,347,68,27,button53
735,2,711,366,51,41,button64,81,347,68,27,button53
736,2,711,367,51,41,button64,82,347,68,27,button53
737,2,711,367,51,41,button64,83,348,68,27,button53
738,2,711,368,51,41,button64,83,348,68,27,button53
739,2,710,368,51,41,button64,82,348,68,27,button53
740,2,710,369,51,41,button64,82,348,68,27,button53
741,2,708,369,51,41,button64,82,347,68,27,button53
742,2,707,370,51,41,button64,82,347,67,27,button53
743,2,706,370,51,41,button64,82,347,67,27,button53
744,2,705,371,50,41,button64,82,347,67,27,button53
745,2,705,372,50,41,button64,81,347,67,27,button53
746,2,703,373,50,41,button64,81,347,67,27,button53
747,2,702,373,50,41,button64,81,346,67,27,button53
748,2,700,373,50,41,button64,82,346,66,27,button53
749,2,698,372,50,41,button64,82,346,66,26,button53
750,2,695,371,50,41,button64,82,344,66,26,button53
751,2,694,370,50,41,button64,82,342,66,26,button53
752,2,693,369,50,40,button64,83,340,65,26,button53
753,2,693,369,50,40,button64,84,341,65,26,button53
754,2,693,370,50,40,button64,86,343,65,26,button53
755,2,693,371,50,40,button64,87,345,64,26,button53
756,2,694,371,50,40,button64,89,345,64,26,button53
757,2,695,372,50,40,button64,90,345,64,26,button53
758,2,696,372,50,40,button64,92,345,64,26,button53
759,2,697,373,50,40,button64,93,345,64,26,button53
760,2,697,373,50,40,button64,94,345,64,26,button53
761,2,698,373,50,40,button64,96,345,64,26,button53
762,2,699,373,50,40,button64,98,346,64,26,button53
763,2,700,374,50,40,button64,100,346,64,25,button53
764,2,701,374,50,40,button64,103,346,64,25,button53
765,2,703,375,50,40,button64,106,347,64,25,button53
766,2,705,376,50,40,button64,109,349,63,25,button53
767,2,707,377,50,40,button64,111,350,63,25,button53
768,2,709,378,50,40,button64,114,352,63,25,button53
769,2,711,379,50,40,button64,117,354,63,25,button53
770,2,713,379,50,40,button64,120,355,63,25,button53
771,2,715,380,50,40,button64,122,355,63,25,button53
772,2,717,380,50,40,button64,124,355,63,25,button53
773,2,719,380,50,40,button64,126,355,63,25,button53
774,2,721,381,50,40,button64,127,356,63,25,button53
775,2,723,381,50,40,button64,128,356,63,25,button53
776,2,724,382,50,40,button64,129,356,63,25,button53
777,2,725,382,50,40,button64,130,357,63,25,button53
778,2,725,383,50,40,button64,131,357,63,25,button53
779,2,726,384,50,40,button64,132,359,63,25,button53
780,2,727,386,50,40,button64,133,362,63,25,button53
781,2,729,387,50,40,button64,134,363,63,25,button53
782,2,730,388,50,40,button64,134,364,63,25,button53
783,2,731,389,50,40,button64,135,366,63,25,button53
784,2,732,391,50,40,button64,136,368,63,25,button53
785,2,734,393,50,40,button64,138,371,63,25,button53
786,2,735,394,50,41,button64,139,372,63,25,button53
787,2,738,396,50,41,button64,140,374,63,25,button53
788,2,740,398,50,41,button64,141,377,63,25,button53
789,2,742,401,50,41,button64,142,380,63,25,button53
790,2,744,403,50,41,button64,143,382,63,25,button53
791,2,745,405,50,41,button64,143,385,64,25,button53
792,2,747,408,50,41,button64,143,387,64,25,button53
793,2,748,410,50,41,button64,143,389,64,26,button53
794,2,749,411,50,41,button64,142,390,64,26,button53
795,2,749,413,50,41,button64,142,391,64,26,button53
796,2,749,414,50,41,button64,142,393,64,26,button53
797,2,749,415,50,41,button64,142,394,64,26,button53
798,2,749,415,50,41,button64,140,395,64,26,button53
799,2,749,415,51,41,button64,137,396,64,26,button53
800,2,749,415,51,41,button64,134,395,65,26,button53
801,2,749,414,51,41,button64,131,394,65,26,button53
802,2,749,414,51,41,button64,129,393,65,26,button53
803,2,750,413,51,42,button64,128,392,65,26,button53
804,2,751,413,51,42,button64,126,392,65,26,button53
805,2,751,413,52,42,button64,126,393,65,26,button53
806,2,752,413,52,42,button64,125,393,65,26,button53
807,2,752,413,52,42,button64,125,394,66,26,button53
808,2,753,412,52,42,button64,124,394,66,26,button53
809,2,754,412,52,42,button64,124,395,66,26,button53
810,2,755,412,52,42,button64,123,395,66,26,button53
811,2,757,412,52,43,button64,122,394,66,26,button53
812,2,758,412,53,43,button64,121,394,66,27,button53
813,2,759,413,53,43,button64,119,395,67,27,button53
814,2,759,414,53,43,button64,117,396,67,27,button53
815,2,760,415,53,43,button64,114,397,67,27,button53
816,2,760,415,53,43,button64,111,398,68,27,button53
817,2,759,415,53,43,button64,107,398,68,27,button53
818,2,758,415,54,43,button64,103,398,68,27,button53
819,2,758,414,54,44,button64,99,397,68,27,button53
820,2,757,413,54,44,button64,97,395,69,27,button53
821,2,756,411,54,44,button64,93,393,69,28,button53
822,2,756,410,54,44,button64,90,391,69,28,button53
823,2,756,409,55,44,button64,86,390,69,28,button53
824,2,756,407,55,45,button64,82,389,70,28,button53
825,2,756,406,55,45,button64,79,388,70,28,button53
826,2,757,404,56,45,button64,75,386,71,28,button53
827,2,757,402,56,45,button64,72,383,71,28,button53
828,2,757,400,56,46,button64,69,381,71,28,button53
829,2,757,398,56,46,button64,66,379,71,29,button53
830,2,758,395,57,46,button64,64,378,71,29,button53
831,2,758,393,57,46,button64,63,376,71,29,button53
832,2,758,390,57,46,button64,62,374,72,29,button53
833,2,758,387,57,46,button64,59,372,72,29,button53
834,2,757,385,57,47,button64,57,370,72,29,button53
835,2,757,382,58,47,button64,55,368,72,29,button53
836,2,757,380,58,47,button64,53,366,72,29,button53
837,2,757,379,58,47,button64,51,364,72,29,button53
838,2,756,377,58,47,button64,50,363,73,29,button53
839,2,756,376,58,47,button64,49,362,73,29,button53
840,2,755,375,58,47,button64,47,361,73,29,button53
841,2,755,375,58,47,button64,46,360,73,29,button53
842,2,755,374,58,47,button64,45,360,73,29,button53
843,2,755,373,58,47,button64,45,359,73,29,button53
844,2,755,372,58,47,button64,44,358,73,29,button53
845,2,754,371,58,47,button64,44,357,73,29,button53
846,2,754,370,58,47,button64,43,357,73,29,button53
847,2,753,369,58,47,button64,43,355,73,29,button53
848,2,753,369,58,47,button64,43,354,73,29,button53
849,2,753,368,58,47,button64,42,355,73,29,button53
850,2,754,368,59,48,button64,40,354,73,29,button53
851,2,754,367,59,48,button64,39,353,74,29,button53
852,2,754,366,59,48,button64,38,352,74,30,button53
853,2,754,366,59,48,button64,37,351,74,30,button53
854,2,754,365,59,48,button64,37,350,74,30,button53
855,2,754,364,59,48,button64,37,350,74,30,button53
856,2,755,364,59,48,button64,37,351,74,30,button53
857,2,755,363,59,48,button64,37,351,74,30,button53
858,2,756,363,59,48,button64,37,351,74,30,button53
859,2,759,362,59,48,button64,37,351,75,30,button53
860,2,762,362,59,48,button64,38,350,75,30,button53
861,2,765,362,59,48,button64,38,348,76,30,button53
862,2,768,362,60,48,button64,39,347,76,30,button53
863,2,771,363,60,48,button64,42,347,76,31,button53
864,2,774,364,60,48,button64,44,348,77,31,button53
865,2,778,365,60,48,button64,46,349,77,31,button53
866,2,781,367,60,48,button64,48,351,77,31,button53
867,2,784,368,60,49,button64,49,352,78,31,button53
868,2,787,370,60,49,button64,50,353,78,31,button53
869,2,788,371,60,48,button64,49,353,78,31,button53
870,2,790,372,60,48,button64,48,353,79,32,button53
871,2,792,372,60,49,button64,48,353,79,32,button53
872,2,795,372,60,49,button64,49,354,80,32,button53
873,2,799,373,60,49,button64,51,357,81,32,button53
874,2,803,374,60,49,button64,54,359,81,32,button53
875,2,808,374,60,49,button64,58,360,81,33,button53
876,2,812,375,60,49,button64,63,362,82,33,button53
877,2,815,376,60,49,button64,69,364,82,33,button53
878,2,818,378,60,49,button64,74,367,82,33,button53
879,2,821,380,60,49,button64,79,371,82,33,button53
880,2,826,382,60,49,button64,85,375,82,33,button53
881,2,831,383,60,49,button64,92,378,82,33,button53
882,2,838,383,60,49,button64,101,380,82,33,button53
883,2,845,384,61,49,button64,109,382,82,33,button53
884,2,854,384,61,49,button64,117,384,82,33,button53
885,2,863,385,61,49,button64,126,386,83,33,button53
886,2,872,385,61,49,button64,132,387,83,33,button53
887,2,880,385,61,49,button64,136,388,84,33,button53
888,2,887,384,61,50,button64,139,389,84,34,button53
889,2,896,384,62,50,button64,144,390,85,34,button53
890,2,905,383,62,50,button64,150,391,86,34,button53
891,2,913,383,62,50,button64,157,392,86,34,button53
892,2,921,384,62,51,button64,163,393,87,35,button53
893,2,930,385,62,51,button64,170,396,87,35,button53
894,2,938,386,63,51,button64,175,398,88,35,button53
895,2,946,387,62,51,button64,180,399,88,35,button53
896,2,951,387,62,50,button64,183,399,89,35,button53
897,2,955,387,62,50,button64,184,400,89,36,button53
898,2,957,388,62,50,button64,184,400,90,36,button53
899,2,959,388,62,50,button64,185,401,90,36,button53
900,2,961,390,62,50,button64,186,403,91,36,button53
901,2,964,391,62,50,button64,188,405,91,37,button53
902,2,968,392,62,50,button64,191,406,92,37,button53
903,2,972,392,62,51,button64,194,407,92,37,button53
904,2,976,392,62,51,button64,198,407,92,37,button53
905,2,980,392,62,51,button64,202,406,93,37,button53
906,2,985,391,63,51,button64,206,405,93,37,button53
907,2,990,390,63,51,button64,210,404,94,37,button53
908,2,995,389,62,51,button64,214,402,94,38,button53
909,2,1000,388,63,51,button64,217,402,95,38,button53
910,2,1006,388,63,51,button64,223,402,95,38,button53
911,2,1013,387,63,51,button64,229,402,96,38,button53
912,2,1021,387,63,51,button64,237,401,96,39,button53
913,2,1029,387,63,51,button64,244,400,97,39,button53
914,2,1036,387,63,51,button64,251,398,97,39,button53
915,2,1044,387,63,51,button64,258,396,98,39,button53
916,2,1051,386,64,52,button64,265,394,98,39,button53
917,2,1059,385,64,52,button64,272,392,98,39,button53
918,2,1067,383,64,52,button64,280,390,99,39,button53
919,2,1075,381,64,52,button64,287,388,99,40,button53
920,2,1083,380,64,52,button64,294,386,99,40,button53
921,2,1090,378,64,52,button64,300,383,100,40,button53
922,2,1097,376,64,52,button64,305,381,100,40,button53
923,2,1103,375,64,52,button64,311,379,100,40,button53
924,2,1110,372,64,52,button64,316,376,101,40,button53
925,2,1116,370,65,53,button64,321,373,101,40,button53
926,2,1123,366,65,53,button64,326,370,101,41,button53
927,2,1130,363,65,53,button64,332,367,102,41,button53
928,2,1137,360,66,53,button64,338,365,103,41,button53
929,2,1144,358,66,53,button64,343,363,103,41,button53
930,2,1150,356,66,53,button64,348,362,104,41,button53
931,2,1155,355,66,53,button64,352,361,104,42,button53
932,2,1160,354,66,53,button64,357,360,104,42,button53
933,2,1164,353,66,54,button64,360,360,105,42,button53
934,2,1168,352,66,54,button64,363,359,105,42,button53
935,2,1172,351,66,54,button64,366,359,106,42,button53
936,2,1175,349,66,54,button64,369,358,106,42,button53
937,2,1177,348,66,54,button64,371,357,107,43,button53
938,2,1178,346,66,54,button64,372,355,107,43,button53
939,2,1179,345,66,54,button64,373,354,107,43,button53
940,2,1179,343,66,54,button64,373,353,107,43,button53
941,2,1179,341,67,54,button64,372,352,108,43,button53
942,2,1180,340,67,54,button64,372,352,108,43,button53
943,2,1181,339,67,54,button64,371,351,108,43,button53
944,2,1181,338,67,54,button64,371,351,108,43,button53
945,2,1181,338,67,55,button64,371,351,109,44,button53
946,2,1181,338,68,55,button64,372,350,109,44,button53
947,2,1181,337,68,55,button64,372,349,110,44,button53
948,2,1181,336,68,55,button64,371,348,110,44,button53
949,2,1181,334,69,56,button64,371,346,111,44,button53
950,2,1180,332,69,56,button64,370,344,111,44,button53
951,2,1180,330,69,56,button64,369,341,111,44,button53
952,2,1179,329,69,56,button64,368,339,111,44,button53
953,2,1178,328,69,56,button64,366,338,111,44,button53
954,2,1176,327,69,56,button64,364,337,111,45,button53
955,2,1174,326,68,57,button64,362,336,111,45,button53
956,2,1172,325,68,57,button64,360,336,111,45,button53
957,2,1170,324,69,57,button64,358,336,112,45,button53
958,1,357,335,112,45,button53
959,1,356,334,112,45,button53
960,1,356,333,112,45,button53
961,1,355,333,112,45,button53
962,1,355,334,112,45,button53
963,1,355,335,112,45,button53
964,1,355,336,113,45,button53
965,1,356,336,113,45,button53
966,1,357,335,113,45,button53
967,1,358,335,114,45,button53
968,1,359,335,114,45,button53
969,1,360,335,114,46,button53
970,1,361,336,114,46,button53
971,1,361,337,114,46,button53
972,1,361,339,114,45,button53
973,1,360,340,114,46,button53
974,1,361,341,114,45,button53
975,1,362,342,113,45,button53
976,1,363,342,114,45,button53
977,1,364,343,114,45,button53
978,1,367,344,113,45,button53
979,1,370,345,113,45,button53
980,1,373,344,113,45,button53
981,1,377,344,113,45,button53
982,1,381,344,114,45,button53
983,1,386,345,114,46,button53
984,1,391,346,114,46,button53
985,1,395,348,114,45,button53
986,1,400,350,113,45,button53
987,1,405,351,113,45,button53
988,1,409,351,113,45,button53
989,1,414,350,113,45,button53
990,1,422,351,112,45,button53
991,1,430,351,112,45,button53
992,1,437,350,112,45,button53
993,1,444,349,111,44,button53
994,1,450,351,111,44,button53
995,1,457,358,110,44,button53
996,1,462,356,110,44,button53
997,1,466,352,109,44,button53
998,1,471,352,110,44,button53
999,1,477,347,110,44,button53
1000,1,482,340,110,44,button53
1001,1,485,333,110,44,button53
1002,1,487,326,110,44,button53
1003,1,487,324,109,44,button53
1004,1,487,326,109,44,button53
1005,1,488,324,109,44,button53
1006,1,487,319,110,44,button53
1007,1,488,314,110,44,button53
1008,1,490,311,110,44,button53
1009,1,493,306,111,44,button53
1010,1,495,302,111,44,button53
1011,1,493,300,111,44,button53
1012,1,493,300,111,44,button53
1013,1,493,299,111,44,button53
1014,1,492,301,111,44,button53
1015,1,491,305,110,44,button53
1016,1,492,306,109,44,button53
1017,1,493,308,109,44,button53
1018,1,493,316,110,44,button53
1019,1,494,327,109,44,button53
1020,1,494,331,108,43,button53
1021,1,493,334,108,43,button53
1022,1,492,339,107,43,button53
1023,1,491,341,107,43,button53
1024,1,490,340,107,43,button53
1025,1,490,338,107,43,button53
1026,1,489,335,107,43,button53
1027,1,488,329,107,43,button53
1028,1,487,324,107,43,button53
1029,1,485,321,107,43,button53
1030,1,484,320,107,43,button53
1031,1,482,320,106,43,button53
1032,1,479,323,107,43,button53
1033,1,477,326,106,43,button53
1034,1,476,326,106,42,button53
1035,1,476,325,106,42,button53
1036,1,476,323,106,42,button53
1037,1,477,321,106,42,button53
1038,1,478,319,106,42,button53
1039,1,478,317,106,42,button53
1040,1,475,317,106,43,button53
1041,1,474,317,106,43,button53
1042,1,473,316,106,43,button53
1043,1,473,315,106,43,button53
1044,1,474,315,106,43,button53
1045,1,473,313,107,43,button53
1046,1,473,311,107,43,button53
1047,1,473,310,107,43,button53
1048,1,472,311,107,43,button53
1049,1,472,313,107,43,button53
1050,1,473,316,107,43,button53
1051,1,473,318,107,43,button53
1052,1,473,321,107,43,button53
1053,1,473,324,106,43,button53
1054,1,473,328,106,43,button53
1055,1,473,332,106,42,button53
1056,1,472,337,106,42,button53
1057,1,471,341,106,42,button53
1058,1,470,345,106,42,button53
1059,1,470,349,106,42,button53
1060,1,470,353,106,42,button53
1061,1,470,356,106,42,button53
1062,1,471,358,106,42,button53
1063,1,472,358,106,42,button53
1064,1,472,358,106,42,button53
1065,1,472,358,106,42,button53
1066,1,470,357,106,42,button53
1067,1,468,357,106,42,button53
1068,1,465,357,106,42,button53
1069,1,462,357,106,42,button53
1070,1,457,357,106,42,button53
1071,1,450,357,105,42,button53
1072,1,444,359,105,42,button53
1073,1,444,359,104,42,button53
1074,1,442,359,104,42,button53
1075,1,440,359,104,41,button53
1076,1,438,359,103,41,button53
1077,1,435,357,103,41,button53
1078,1,429,352,104,42,button53
1079,1,419,345,104,42,button53
1080,1,410,336,105,42,button53
1081,1,403,330,105,42,button53
1082,1,399,327,104,42,button53
1083,1,397,324,104,42,button53
1084,1,395,321,104,42,button53
1085,1,391,315,104,42,button53
1086,2,385,309,104,42,button53,1081,364,50,47,button65
1087,2,379,304,104,41,button53,1080,360,50,47,button65
1088,2,369,301,104,42,button53,1075,356,50,47,button65
1089,2,359,298,104,42,button53,1070,353,51,48,button65
1090,2,350,296,104,42,button53,1065,350,51,48,button65
1091,2,340,293,104,42,button53,1061,348,51,48,button65
1092,2,333,291,103,41,button53,1056,347,51,48,button65
1093,2,327,290,103,41,button53,1053,346,51,48,button65
1094,2,322,288,103,41,button53,1050,345,51,48,button65
1095,2,317,285,103,41,button53,1047,344,52,49,button65
1096,2,311,281,103,41,button53,1043,343,52,49,button65
1097,2,306,276,103,41,button53,1040,340,52,49,button65
1098,2,304,275,102,41,button53,1040,338,52,49,button65
1099,2,305,276,101,41,button53,1041,336,52,48,button65
1100,2,307,277,101,40,button53,1041,332,52,49,button65
1101,2,312,278,100,40,button53,1044,329,53,50,button65
1102,2,323,282,98,39,button53,1048,328,52,49,button65
1103,2,332,285,97,39,button53,1054,327,52,49,button65
1104,2,339,288,96,38,button53,1060,326,51,48,button65
1105,2,344,289,95,38,button53,1064,324,51,48,button65
1106,2,348,292,94,38,button53,1067,324,51,48,button65
1107,2,353,296,93,37,button53,1069,324,52,49,button65
1108,2,357,301,92,37,button53,1069,327,52,49,button65
1109,2,357,301,92,37,button53,1068,330,51,48,button65
1110,2,355,299,92,37,button53,1064,330,52,49,button65
1111,2,351,298,92,37,button53,1062,330,52,49,button65
1112,2,348,302,92,37,button53,1058,332,53,50,button65
1113,2,343,308,92,37,button53,1051,335,54,50,button65
1114,2,340,312,91,36,button53,1046,339,54,51,button65
1115,2,335,314,91,36,button53,1039,343,54,51,button65
1116,2,325,316,92,37,button53,1028,347,55,52,button65
1117,2,313,323,92,37,button53,1016,352,55,52,button65
1118,2,305,330,91,36,button53,1006,356,54,51,button65
1119,2,295,334,91,37,button53,996,360,54,51,button65
1120,2,285,337,91,37,button53,986,362,54,51,button65
1121,2,275,340,92,37,button53,977,363,54,50,button65
1122,2,265,342,93,37,button53,968,363,53,50,button65
1123,2,253,340,93,37,button53,959,361,53,50,button65
1124,2,241,332,94,37,button53,951,354,53,50,button65
1125,2,230,323,94,38,button53,944,347,53,50,button65
1126,2,218,314,95,38,button53,935,340,56,52,button65
1127,2,205,306,95,38,button53,927,333,55,52,button65
1128,2,193,301,96,38,button53,919,328,55,52,button65
1129,2,181,297,96,38,button53,912,324,55,52,button65
1130,2,169,293,97,39,button53,905,321,55,52,button65
1131,2,156,289,98,39,button53,899,319,55,52,button65
1132,2,142,285,99,39,button53,891,319,55,52,button65
1133,2,128,283,100,40,button53,884,319,55,52,button65
1134,2,114,282,100,40,button53,877,319,55,52,button65
1135,2,102,286,100,40,button53,868,320,56,53,button65
1136,2,89,287,100,40,button53,858,320,56,53,button65
1137,2,76,286,101,40,button53,847,319,57,53,button65
1138,2,63,280,101,40,button53,836,313,58,54,button65
1139,2,50,274,101,40,button53,826,308,57,53,button65
1140,2,37,270,101,41,button53,816,302,57,54,button65
1141,2,23,265,103,41,button53,808,297,57,54,button65
1142,2,7,258,95,42,button53,800,291,57,54,button65
1143,1,793,285,57,54,button65
1144,1,787,284,57,53,button65
1145,1,782,283,57,53,button65
1146,1,778,280,57,54,button65
1147,1,774,279,57,53,button65
1148,1,771,280,57,54,button65
1149,1,769,283,57,54,button65
1150,1,769,287,58,54,button65
1151,1,769,293,58,55,button65
1152,1,769,299,58,55,button65
1153,1,770,304,59,55,button65
1154,1,771,310,59,55,button65
1155,1,771,316,59,55,button65
1156,1,771,322,59,56,button65
1157,1,771,328,59,55,button65
1158,1,770,334,59,56,button65
1159,1,769,340,59,56,button65
1160,1,767,346,59,56,button65
1161,1,766,351,59,56,button65
1162,1,765,357,59,56,button65
1163,1,764,363,59,56,button65
1164,1,763,368,59,56,button65
1165,1,763,373,59,56,button65
1166,1,762,377,59,56,button65
1167,1,760,381,59,56,button65
1168,1,758,383,59,56,button65
1169,1,756,384,59,56,button65
1170,1,754,385,59,56,button65
1171,1,751,385,59,56,button65
1172,1,748,384,59,56,button65
1173,1,745,382,59,56,button65
1174,1,742,380,59,56,button65
1175,1,738,378,59,56,button65
1176,1,735,375,59,56,button65
1177,1,731,373,59,56,button65
1178,1,728,370,59,56,button65
1179,1,725,366,59,56,button65
1180,1,722,363,60,56,button65
1181,1,719,358,60,56,button65
1182,1,714,355,60,56,button65
1183,1,707,352,60,56,button65
1184,1,700,350,59,56,button65
1185,1,695,351,61,57,button65
1186,1,693,356,59,55,button65
1187,1,688,358,60,56,button65
1188,1,685,362,58,55,button65
1189,1,683,366,60,56,button65
1190,1,682,369,58,55,button65
1191,1,681,373,58,55,button65
1192,1,681,376,58,55,button65
1193,1,681,382,58,55,button65
1194,1,682,386,58,55,button65
1195,1,683,391,58,54,button65
1196,1,683,394,58,54,button65
1197,1,683,396,57,54,button65
1198,1,683,397,57,54,button65
1199,1,682,397,57,53,button65
1200,1,681,396,56,53,button65
1201,1,680,395,56,53,button65
1202,1,680,391,56,53,button65
1203,1,683,387,55,52,button65
1204,1,684,382,55,52,button65
1205,1,685,378,55,52,button65
1206,1,684,373,55,51,button65
1207,1,685,367,54,51,button65
1208,1,685,362,54,51,button65
1209,1,684,358,54,51,button65
1210,1,684,355,54,50,button65
1211,1,684,352,54,50,button65
1212,1,683,349,54,50,button65
1213,1,683,345,53,50,button65
1214,1,684,342,53,50,button65
1215,1,685,340,53,50,button65
1216,1,687,340,53,50,button65
1217,1,688,340,53,50,button65
1218,1,688,340,53,50,button65
1219,1,688,340,53,50,button65
1220,1,688,340,53,49,button65
1221,1,688,339,53,49,button65
1222,1,687,337,52,49,button65
1223,1,686,334,53,49,button65
1224,1,685,330,52,49,button65
1225,1,683,325,52,49,button65
1226,1,681,319,52,49,button65
1227,1,678,313,52,49,button65
1228,1,675,309,52,49,button65
1229,1,673,306,52,49,button65
1230,1,671,303,51,48,button65
1231,1,670,301,51,48,button65
1232,1,670,299,51,48,button65
1233,1,673,298,51,48,button65
1234,1,676,297,51,48,button65
1235,1,678,297,51,48,button65
1236,1,679,297,51,48,button65
1237,1,681,296,51,48,button65
1238,1,682,294,51,48,button65
1239,1,681,292,51,48,button65
1240,1,680,290,51,48,button65
1241,1,679,287,51,48,button65
1242,1,677,284,50,47,button65
1243,1,674,281,51,47,button65
1244,1,671,279,50,47,button65
1245,1,667,278,50,47,button65
1246,1,664,277,50,47,button65
1247,1,662,278,50,47,button65
1248,1,662,278,50,47,button65
1249,1,664,278,50,47,button65
1250,1,665,279,49,46,button65
1251,1,667,279,49,46,button65
1252,1,669,278,49,46,button65
1253,1,670,278,49,46,button65
1254,1,671,279,49,46,button65
1255,1,671,279,49,46,button65
1256,1,672,280,49,46,button65
1257,1,673,281,49,46,button65
1258,1,674,282,49,46,button65
1259,1,675,284,50,47,button65
1260,1,677,286,50,47,button65
1261,1,678,287,50,47,button65
1262,1,679,289,50,47,button65
1263,1,679,291,50,47,button65
1264,1,679,293,50,47,button65
1265,1,677,294,50,47,button65
1266,1,675,295,50,47,button65
1267,1,672,296,51,47,button65
1268,1,670,296,51,47,button65
1269,1,668,297,51,48,button65
1270,1,667,299,51,48,button65
1271,1,666,301,51,48,button65
1272,1,666,302,51,48,button65
1273,1,666,302,51,48,button65
1274,1,666,303,51,48,button65
1275,1,667,303,51,48,button65
1276,1,669,304,52,48,button65
1277,1,670,304,52,49,button65
1278,1,672,303,52,49,button65
1279,1,672,302,52,49,button65
1280,1,670,302,52,49,button65
1281,1,668,300,53,50,button65
1282,1,665,301,53,50,button65
1283,1,664,303,53,50,button65
1284,1,664,306,53,50,button65
1285,1,664,305,53,50,button65
1286,1,664,305,53,50,button65
1287,1,663,307,54,50,button65
1288,1,660,309,54,51,button65
1289,1,657,311,54,51,button65
1290,1,655,312,54,51,button65
1291,1,653,314,54,51,button65
1292,1,652,316,54,51,button65
1293,1,652,318,54,51,button65
1294,1,652,320,54,51,button65
1295,1,653,321,55,51,button65
1296,1,654,322,55,52,button65
1297,1,655,324,56,52,button65
1298,1,656,327,56,53,button65
1299,1,655,329,56,53,button65
1300,1,653,333,57,53,button65
1301,1,650,337,57,54,button65
1302,1,648,341,57,54,button65
1303,1,646,345,58,54,button65
1304,1,645,350,58,54,button65
1305,1,645,355,58,55,button65
1306,1,645,359,59,55,button65
1307,1,645,362,59,56,button65
1308,1,645,366,60,56,button65
1309,1,645,368,60,56,button65
1310,1,644,369,60,57,button65
1311,1,643,370,61,57,button65
1312,1,642,374,62,58,button65
1313,1,642,380,62,59,button65
1314,1,641,383,62,59,button65
1315,1,639,383,63,59,button65
1316,1,638,378,63,59,button65
1317,1,636,375,63,59,button65
1318,1,635,374,64,60,button65
1319,1,634,373,64,60,button65
1320,1,635,374,65,61,button65
1321,1,635,375,65,61,button65
1322,1,636,377,66,62,button65
1323,1,637,379,67,63,button65
1324,1,639,382,68,64,button65
1325,1,640,386,69,65,button65
1326,1,641,391,69,65,button65
1327,1,641,393,70,66,button65
1328,1,641,395,71,67,button65
1329,1,640,398,72,68,button65
1330,1,640,401,73,69,button65
1331,1,639,404,74,69,button65
1332,1,638,406,75,70,button65
1333,1,637,406,75,71,button65
1334,1,636,403,76,72,button65
1335,1,634,399,77,72,button65
1336,1,632,397,78,73,button65
1337,1,630,389,78,74,button65
1338,1,625,380,79,74,button65
1339,1,620,370,80,75,button65
1340,1,615,362,80,75,button65
1341,1,612,353,80,76,button65
1342,1,609,343,81,76,button65
1343,1,608,336,82,77,button65
1344,1,607,329,82,77,button65
1345,1,609,324,83,78,button65
1346,1,613,321,84,79,button65
1347,1,614,318,85,80,button65
1348,1,612,317,86,81,button65
1349,1,612,317,86,81,button65
1350,1,612,317,86,81,button65
1351,1,612,316,87,82,button65
1352,1,615,319,87,82,button65
1353,1,619,322,88,82,button65
1354,1,623,326,89,83,button65
1355,1,628,331,88,83,button65
1356,1,630,327,89,84,button65
1357,1,631,323,89,84,button65
1358,1,629,325,90,85,button65
1359,1,627,331,90,85,button65
1360,1,626,333,90,85,button65
1361,1,626,334,91,86,button65
1362,1,625,338,91,85,button65
1363,1,623,339,91,86,button65
1364,1,621,339,91,86,button65
1365,1,621,340,91,86,button65
1366,1,621,339,91,86,button65
1367,1,623,339,91,86,button65
1368,1,626,342,91,86,button65
1369,1,628,346,91,85,button65
1370,1,630,348,91,85,button65
1371,1,633,349,91,85,button65
1372,1,635,352,91,86,button65
1373,1,636,356,91,85,button65
1374,1,634,360,91,85,button65
1375,1,630,364,91,86,button65
1376,1,626,370,91,86,button65
1377,1,622,376,91,86,button65
1378,1,620,378,91,86,button65
1379,1,618,381,92,86,button65
1380,1,616,384,92,87,button65
1381,1,612,387,93,87,button65
1382,1,607,390,93,87,button65
1383,1,603,392,93,87,button65
1384,1,599,393,93,87,button65
1385,1,598,392,93,87,button65
1386,1,598,390,93,88,button65
1387,1,597,390,94,88,button65
1388,1,596,392,94,88,button65
1389,1,594,395,94,89,button65
1390,1,592,396,95,89,button65
1391,1,589,395,95,89,button65
1392,1,588,396,95,90,button65
1393,1,586,398,95,90,button65
1394,1,585,399,95,90,button65
1395,1,585,398,96,90,button65
1396,1,587,397,96,90,button65
1397,1,588,394,96,90,button65
1398,1,588,391,96,90,button65
1399,1,588,389,96,91,button65
1400,1,589,387,97,91,button65
1401,1,591,387,97,91,button65
1402,1,591,385,97,91,button65
1403,1,593,382,97,91,button65
1404,1,593,381,97,91,button65
1405,1,593,379,97,91,button65
1406,1,593,377,97,91,button65
1407,1,592,375,97,91,button65
1408,1,591,372,97,92,button65
1409,1,590,369,98,92,button65
1410,1,590,368,98,92,button65
1411,1,590,366,98,92,button65
1412,1,591,365,98,92,button65
1413,1,592,364,98,92,button65
1414,1,593,362,98,92,button65
1415,1,591,360,99,93,button65
1416,1,589,358,99,93,button65
1417,1,589,356,99,93,button65
1418,1,588,355,99,93,button65
1419,1,588,354,99,93,button65
1420,1,589,353,99,93,button65
1421,1,588,352,99,93,button65
1422,1,588,351,99,93,button65
1423,1,587,348,99,93,button65
1424,1,586,345,99,93,button65
1425,1,584,343,99,93,button65
1426,1,582,342,99,93,button65
1427,1,580,341,99,93,button65
1428,1,580,342,99,93,button65
1429,1,580,342,99,93,button65
1430,1,581,341,99,93,button65
1431,1,582,340,99,93,button65
1432,1,581,340,99,93,button65
1433,1,579,340,99,93,button65
1434,1,579,341,99,93,button65
1435,1,580,341,99,93,button65
1436,1,581,341,99,93,button65
1437,1,583,341,99,93,button65
1438,1,584,341,99,93,button65
